



















https://encrypted-tbn0.gstatic.com/images?q=tbn%3AANd9GcRiybtecYZ8kXqawjv2LgI8kTKGCPSsjXhN3NCAIqunES4qhUmn&usqp=CAU
https://encrypted-tbn0.gstatic.com/images?q=tbn%3AANd9GcTMam1835Yy-LFEtg-vwn_fHWHl0TdNFPW29qspNMQCXz6XUlTZ&usqp=CAU
https://encrypted-tbn0.gstatic.com/images?q=tbn%3AANd9GcQA7vvIvqaXoqbvkF9b5V0lOS9PYGqUCwdLu07-GU37PNSyIxrp&usqp=CAU
https://encrypted-tbn0.gstatic.com/images?q=tbn%3AANd9GcRUb61cGWPR_xeTwfzlBNPBm1FTrUMb6h9DnWf4h99TThHT7fiB&usqp=CAU
https://encrypted-tbn0.gstatic.com/images?q=tbn%3AANd9GcQF8tGVnQtyL6ZYXPghmDtpcPyJGP-5BJmjmr3QGH17bnilyf31&usqp=CAU
https://encrypted-tbn0.gstatic.com/images?q=tbn%3AANd9GcQp28m_bJOIYqryw2xXKiyLNhF05KZUpltmEWP-9gLGDDnvSl6_&usqp=CAU
https://encrypted-tbn0.gstatic.com/images?q=tbn%3AANd9GcQc5UEA1o7rZhwYBMdArO2ia-pOR8nGBFlFMNhelt9IWg12DKUQ&usqp=CAU
https://encrypted-tbn0.gstatic.com/images?q=tbn%3AANd9GcRrAj4iz911A6xduxRori4TZd51_-Xek_p5Nr8djSCKevdlsQv9&usqp=CAU
https://encrypted-tbn0.gstatic.com/images?q=tbn%3AANd9GcTJJU3d6_OthuuVnuudzlc28ceUBa5ZtmEoKEzcQ3jFU4draRWa&usqp=CAU
https://encrypted-tbn0.gstatic.com/images?q=tbn%3AANd9GcR2c3Rd0g9SpgiUL84gNlkRmDfGwT3P5X7TWiIPBtI55EYe5FDF&usqp=CAU
https://encrypted-tbn0.gstatic.com/images?q=tbn%3AANd9GcTxFWnLqZ1xa8xcYclS9YWZVp2kyu2DMrJ4_y2GrdkmhSnLS-Ab&usqp=CAU
https://encrypted-tbn0.gstatic.com/images?q=tbn%3AANd9GcSdunaiFYVVbpok3UFANrHt5DKSzud5I_zsS2BZdOBsEE4yVES8&usqp=CAU
https://encrypted-tbn0.gstatic.com/images?q=tbn%3AANd9GcShvXzbvJy9lseVhkauPo2uaQGe4m1VaMOhz7KLyCamZVq0-zdd&usqp=CAU
https://encrypted-tbn0.gstatic.com/images?q=tbn%3AANd9GcSs5ytAxRsrlIvlvRb0ZwOcoEL3LgHNDP5SbSBSy6HSN4Z3k40S&usqp=CAU
https://encrypted-tbn0.gstatic.com/images?q=tbn%3AANd9GcSEw0hb_AyYC6OPA8xeL8jBulBZLbq6fSaJo_vga-YX07Gew7gK&usqp=CAU
https://encrypted-tbn0.gstatic.com/images?q=tbn%3AANd9GcSTTGHodil9sprRdEDyP6nSvAZK3C_AoeGYQaL71z50O_oWD450&usqp=CAU
https://encrypted-tbn0.gstatic.com/images?q=tbn%3AANd9GcTg_ZvJI3HC87T-2RvG-issVFMXPzxVlxqQGSN6ubZz7jkZVcmV&usqp=CAU
https://encrypted-tbn0.gstatic.com/images?q=tbn%3AANd9GcTMBYLYXcsvozSj30WnfYQ1NwrDrwHZ8AjhMyFLWemkvt4lkqCU&usqp=CAU
https://encrypted-tbn0.gstatic.com/images?q=tbn%3AANd9GcSyXrWOoZWoZD9c7JyN89ejwgiBF9uaL3teEGa-snL8nPlICGLR&usqp=CAU
https://encrypted-tbn0.gstatic.com/images?q=tbn%3AANd9GcQkfk5Ho2BYwpJzO2w8b76guWVuVBDVP_UX-1JuBQy2CEdN1HJG&usqp=CAU
https://encrypted-tbn0.gstatic.com/images?q=tbn%3AANd9GcScc62jQNgAAPB1AnbuiT2orgNzqrFTlYXJHP1nAc3rDteEq2HD&usqp=CAU
https://encrypted-tbn0.gstatic.com/images?q=tbn%3AANd9GcQmLW4vwVks5uNTeNoN3PBu-NySONB_gELlyqnOzF8u4qxuj-yc&usqp=CAU
https://encrypted-tbn0.gstatic.com/images?q=tbn%3AANd9GcQn_AjiL2OQXK2OSQ3YLeZKB2d5bvthvDOnmaaAkqH_f1RkBTQR&usqp=CAU
https://encrypted-tbn0.gstatic.com/images?q=tbn%3AANd9GcQ3h6wjy2axk9gssvHJOVkJPwFxlvQhjmNK7FbPNPRFXLqMDwrZ&usqp=CAU
https://encrypted-tbn0.gstatic.com/images?q=tbn%3AANd9GcR6DWoYgqUOCbPQYmR800LhIaWojag3HDFe9nV44CGmToEpnlDA&usqp=CAU
https://encrypted-tbn0.gstatic.com/images?q=tbn%3AANd9GcQ6radaerP1wfpRlnv8ZBMQBp7QZ5tVms_AUZzqs3dsA1jF7WFZ&usqp=CAU
https://encrypted-tbn0.gstatic.com/images?q=tbn%3AANd9GcQ7EC7sRSo2riMPvZ-x_Dzo53c9TvchvDAd7S1AG1Y3e1tNLcKt&usqp=CAU
https://encrypted-tbn0.gstatic.com/images?q=tbn%3AANd9GcQ1neR1_EYe-oQi-FimXjMmfjeqzZGMjc57jXyhfIVpriZ0F3zm&usqp=CAU
https://encrypted-tbn0.gstatic.com/images?q=tbn%3AANd9GcQna6evFgyuX1x-L53lb6APibC2ELDc5us3msAIuBv4zkgm8JtQ&usqp=CAU
https://encrypted-tbn0.gstatic.com/images?q=tbn%3AANd9GcQR7hF5SwI0dkwZ0wywTsLtOu9-_1KpPYXadijq0gR1jyLkUTOB&usqp=CAU
https://encrypted-tbn0.gstatic.com/images?q=tbn%3AANd9GcQ2yu3HxyPSlDpvHCcIrH29lyYFxrV8Kx0wYzt48RPfZFoSKp9T&usqp=CAU
https://encrypted-tbn0.gstatic.com/images?q=tbn%3AANd9GcT9Onumq-MWhpbN7AwbmPgaJqem9pw5lUq-E-fTkqPDp8Xtc5JF&usqp=CAU
https://encrypted-tbn0.gstatic.com/images?q=tbn%3AANd9GcRXemuEh2RwnNbPPFefcsMR0nUrpL368aZq-CuVDhJoibZPuWTr&usqp=CAU
https://encrypted-tbn0.gstatic.com/images?q=tbn%3AANd9GcQ22Cj-1vTIt8G5iDhJ0C73rYumMQWwXPHLYEJpEOm8gUE5sb6x&usqp=CAU
https://encrypted-tbn0.gstatic.com/images?q=tbn%3AANd9GcR6MqxVvP3ZGapM9RF5flKnfcbibkce1942Otw5MH-Jd-Rqf5VJ&usqp=CAU
https://encrypted-tbn0.gstatic.com/images?q=tbn%3AANd9GcR0a9sAqXsi27fC7yHjmnXjoaU6I2diJDvOaJCy4N2ark121DIE&usqp=CAU
https://encrypted-tbn0.gstatic.com/images?q=tbn%3AANd9GcT3E0Mju0huC9g4vwFSsOiL3X32rIrHYtFpxiWK4HU1_h3spOqs&usqp=CAU
https://encrypted-tbn0.gstatic.com/images?q=tbn%3AANd9GcTl-8jNlEtHnvPg03O7bT_tDdSIOQwG6uEWGRhTyD8y6uuFlyAu&usqp=CAU
https://encrypted-tbn0.gstatic.com/images?q=tbn%3AANd9GcQPqOT9aPQyF8dJwPDogiEJZUeL30vFZOJoYnpVTZkFmCNLDz94&usqp=CAU
https://encrypted-tbn0.gstatic.com/images?q=tbn%3AANd9GcQ_Gjqcz4Iz3TnzCDbX_gOziZgtA2gRc23WK8EnsFGT5lkF7QPx&usqp=CAU
https://encrypted-tbn0.gstatic.com/images?q=tbn%3AANd9GcQwhUyEJRDhajw_w_jRSUjtV-PgifN0RMZguqrNZM29EmjQBFFO&usqp=CAU
https://encrypted-tbn0.gstatic.com/images?q=tbn%3AANd9GcQsDIoKZ4YEicuq2rkG-dnCD4jpreTFdUQF6ne8Fty-jU4G0vLt&usqp=CAU
https://encrypted-tbn0.gstatic.com/images?q=tbn%3AANd9GcSfmbP8yuj_8wox4qSRen66RyuswB2tmvGeg1wS78-t8hGuZIc6&usqp=CAU
https://encrypted-tbn0.gstatic.com/images?q=tbn%3AANd9GcRuVYukuo3jrQI0mng4vvKOVF1TPKwIkWOawDmVmul2zQgb0vxC&usqp=CAU
https://encrypted-tbn0.gstatic.com/images?q=tbn%3AANd9GcSAbZi7kGGeX3ogesx_PiB_y3Mju0vE8_Tuq2tefbwc-j1NrRb4&usqp=CAU
https://encrypted-tbn0.gstatic.com/images?q=tbn%3AANd9GcSZ7PW9WHB_QU5DkZnqnuiNEqnncYX5fbE6aSiw8Kgbc27Ppz_6&usqp=CAU
https://encrypted-tbn0.gstatic.com/images?q=tbn%3AANd9GcQi5uMvQaGwlrLHmE70lHBPOTpQq9Lgeb4Xbe-CXCaqRg1mm7uT&usqp=CAU
https://encrypted-tbn0.gstatic.com/images?q=tbn%3AANd9GcQexs73K7eGIE2ICa3sm6LnOQFRFEDHNt67sDhZClKiJZ-agQPW&usqp=CAU
https://encrypted-tbn0.gstatic.com/images?q=tbn%3AANd9GcRfGnscArB4PDHRnqab-gejdq7CTftgERmKQQldKwNM-b69P90A&usqp=CAU
https://encrypted-tbn0.gstatic.com/images?q=tbn%3AANd9GcTT8U1wxzSf8nZv4yPB2-5UWOX77-aVD3fdtAIi5PAHw6njE9-B&usqp=CAU
https://encrypted-tbn0.gstatic.com/images?q=tbn%3AANd9GcRfCsaRysqRMBL9rOXFTk5Dn1tujh0fiGgpj0-ecbJlthp4jyEg&usqp=CAU
https://encrypted-tbn0.gstatic.com/images?q=tbn%3AANd9GcQ8c8dAs8AkiEbclX2kpdDg2V9fpAXa4Je5WGxuUO6Y7OkSQF41&usqp=CAU
https://encrypted-tbn0.gstatic.com/images?q=tbn%3AANd9GcQJ_FJCLieUmF8XnJp5rHHsy80mqfojQiOZjRlVbL_35r7DjiS1&usqp=CAU
https://encrypted-tbn0.gstatic.com/images?q=tbn%3AANd9GcRVfHaF3_ZHAF_V5SS-86yjSxrOsLR_vtEi8hJe-P16TsiGTo1H&usqp=CAU
https://encrypted-tbn0.gstatic.com/images?q=tbn%3AANd9GcSDvN1XyvJoXfl7TEuKwD3FP6RBkdTp-Bca-uNTS1ii-oaywjpJ&usqp=CAU
https://encrypted-tbn0.gstatic.com/images?q=tbn%3AANd9GcS5Nekj3cWg3mmVzIctqKpJJK-GeQgHsN4imbG0CoFiHzyKXUeD&usqp=CAU
https://encrypted-tbn0.gstatic.com/images?q=tbn%3AANd9GcQVOPeqQcboXpx3Ht0udCQ68Rp0TGuNAH5y4cE0CiNnGG1sCjS2&usqp=CAU
https://encrypted-tbn0.gstatic.com/images?q=tbn%3AANd9GcTTJfYzk6fjXy-sw9sahW2qPVyZ6kqF3qHoq3eI2VR6bSs4SkjL&usqp=CAU
https://encrypted-tbn0.gstatic.com/images?q=tbn%3AANd9GcT8oEdmiNvK0Cww7QaKl2lO2Ervfh6AV22IVvh9E9JZ8kQQYuQ9&usqp=CAU
https://encrypted-tbn0.gstatic.com/images?q=tbn%3AANd9GcRedM3iP-TXo3qnF4wpfXUq1knqkZsCuLy98c0P-0o3aVh-c8az&usqp=CAU
https://encrypted-tbn0.gstatic.com/images?q=tbn%3AANd9GcTQsfcf8SPw9R4zkYwPX7VFFEMYOYCT3vsxdf2ba2ecHs_vi1Dh&usqp=CAU
https://encrypted-tbn0.gstatic.com/images?q=tbn%3AANd9GcRKuTzpHTINtNJAgx6fIAELYBzc3lf5QSfzuemH9jkNCi8EY99E&usqp=CAU
https://encrypted-tbn0.gstatic.com/images?q=tbn%3AANd9GcRwGUCoHPBWup8R6HaovtQe_Bj-JKy4hbWJHTDhLF5o_5Lz7vvy&usqp=CAU
https://encrypted-tbn0.gstatic.com/images?q=tbn%3AANd9GcRrvVmuJ4bAbo_0b98XkMqYGsCqkA4eWHLBqjYsDte5RlDx1wlT&usqp=CAU
https://encrypted-tbn0.gstatic.com/images?q=tbn%3AANd9GcTOYSydT4WVae-AJfx9uba-bs_Yc2v4IAtBMQ0WlINSBXtJbqak&usqp=CAU
https://encrypted-tbn0.gstatic.com/images?q=tbn%3AANd9GcQuwqXDGHoBvuXgddRtPn1i0IvVA14MPd-oUh9RwxEefuw8LUKl&usqp=CAU
https://encrypted-tbn0.gstatic.com/images?q=tbn%3AANd9GcS1UBwB-9If4G80AjTZeeq14I7VCW-n4K8YcavqbK6q8znYtZvN&usqp=CAU
https://encrypted-tbn0.gstatic.com/images?q=tbn%3AANd9GcRRFMnMcIZDJD0xbIp2bE3rbGUrgWnsMHhRQ0j6zv4pXUIGX7iH&usqp=CAU
https://encrypted-tbn0.gstatic.com/images?q=tbn%3AANd9GcTiz1bDdetYU1eyMqpknV8Hvc-D-V4E1HLIOV_bInBz0-dFMRgV&usqp=CAU
https://encrypted-tbn0.gstatic.com/images?q=tbn%3AANd9GcQzwzaVrptxLSLga7vLFGRhbF487sRzRzGTuvz1XLdt31_1Ov-g&usqp=CAU
https://encrypted-tbn0.gstatic.com/images?q=tbn%3AANd9GcR7hhC7Tlbi7qNjLjyDTbVxxHdm2lHgBR2WorH_FGydMngF1qgD&usqp=CAU
https://encrypted-tbn0.gstatic.com/images?q=tbn%3AANd9GcTJs1G3bNG16X8ydl9zzrXDjR_eK0f7PoUrzMnnTRRRnNQge52Z&usqp=CAU
https://encrypted-tbn0.gstatic.com/images?q=tbn%3AANd9GcR1hu0L7Y5NaaN4DC85WVI4d5dt0x4RYgKDm21x1tjb8d3wTr4i&usqp=CAU
https://encrypted-tbn0.gstatic.com/images?q=tbn%3AANd9GcQ2EvlO4fN5QedbAS-QNx328C6mpRQLmUo22blSG1wQVc4Bmbm6&usqp=CAU
https://encrypted-tbn0.gstatic.com/images?q=tbn%3AANd9GcSZzEIhAWrxZNOAxxoLLojVf_jIV4CAiSbTsMNDvNAByKaRd1UK&usqp=CAU
https://encrypted-tbn0.gstatic.com/images?q=tbn%3AANd9GcTKoNpqbhy3L_xIYByXaFGiJMz-gr7zKW08oUPyYPvcqY45gKHY&usqp=CAU
https://encrypted-tbn0.gstatic.com/images?q=tbn%3AANd9GcTsKz4nsms5nPBn5ab2Ho6fe3sbJnq-QVvSR1Cl0aO-vZgAv8nm&usqp=CAU
https://encrypted-tbn0.gstatic.com/images?q=tbn%3AANd9GcS3aXk_rz1qX06coFzy7V4qgGSf10al1Hv6YN-mGp6mYjEFFXYO&usqp=CAU
https://encrypted-tbn0.gstatic.com/images?q=tbn%3AANd9GcSWXsWXvKPCcUgIdj-mXO_Yk8cndeZY21uKC7LxRAK8Hf7bZ0Hr&usqp=CAU
https://encrypted-tbn0.gstatic.com/images?q=tbn%3AANd9GcQAUPZ8-x0b6BDUwSnq4A-WDfmpFF-SOVOIUeZbalnem3d3tb0l&usqp=CAU